#PATH-POINTS-START Path
#PATH-POINTS-START Path
-127.195,-17.45,120,90
-127.168,-19.45,120
-127.141,-21.45,120
-127.114,-23.45,120
-127.087,-25.449,120
-127.059,-27.449,120
-127.032,-29.449,120
-127.005,-31.449,120
-126.978,-33.449,120
-126.951,-35.449,120
-126.924,-37.448,120
-126.897,-39.448,120
-126.869,-41.448,120
-126.842,-43.448,120
-126.815,-45.448,120
-126.788,-47.447,120
-126.761,-49.447,120
-126.734,-51.447,120
-126.707,-53.447,120
-126.679,-55.447,120
-126.652,-57.447,120
-126.625,-59.446,120
-126.598,-61.446,120
-126.571,-63.446,120
-126.544,-65.446,120
-126.517,-67.446,120
-126.489,-69.445,120
-126.462,-71.445,120
-126.435,-73.445,120
-126.408,-75.445,120
-126.381,-77.445,120
-126.354,-79.444,120
-126.326,-81.444,120
-126.299,-83.444,120
-126.272,-85.444,120
-126.245,-87.444,120
-126.218,-89.444,120
-126.191,-91.443,120
-126.164,-93.443,120
-126.136,-95.443,120
-126.109,-97.443,120
-126.082,-99.443,120
-126.055,-101.442,120
-126.028,-103.442,120
-126.001,-105.442,120
-125.974,-107.442,120
-125.946,-109.442,120
-125.919,-111.442,120
-125.892,-113.441,120
-125.865,-115.441,120
-125.838,-117.441,120
-125.811,-119.441,120,270
-126.974,-120.266,120
-128.974,-120.266,120
-130.974,-120.266,120
-132.974,-120.266,120
-134.974,-120.266,120
-136.974,-120.266,120
-138.974,-120.266,120
-140.974,-120.266,120
-142.974,-120.266,120
-144.974,-120.266,120
-146.974,-120.266,120
-148.974,-120.266,120
-150.974,-120.266,120
-152.974,-120.266,120
-154.974,-120.266,120
-156.974,-120.266,120
-158.974,-120.266,120
-160.974,-120.266,120
-162.974,-120.266,120,270
-164.974,-120.267,120
-166.974,-120.269,120
-168.974,-120.275,120
-170.974,-120.289,120
-170.628,-120.35,120
-168.628,-120.378,120
-166.628,-120.399,120
-164.628,-120.416,120
-162.628,-120.432,120
-160.628,-120.446,120
-158.628,-120.459,120
-156.628,-120.471,120
-154.629,-120.482,120
-152.629,-120.493,120
-150.629,-120.502,120
-148.629,-120.511,120
-146.629,-120.519,120
-144.629,-120.527,120
-142.629,-120.534,120
-140.629,-120.54,120
-138.629,-120.546,120
-136.629,-120.552,120
-134.629,-120.557,120
-132.629,-120.561,120
-130.629,-120.565,120
-128.629,-120.568,120
-126.629,-120.571,120
-124.629,-120.573,120
-122.629,-120.574,120
-120.629,-120.576,120
-118.629,-120.576,120
-116.629,-120.576,120
-114.629,-120.575,120
-112.629,-120.574,120
-110.629,-120.573,120
-108.629,-120.57,120
-106.629,-120.567,120
-104.629,-120.564,120
-102.629,-120.56,120
-100.629,-120.555,120
-98.629,-120.549,120
-96.629,-120.543,120
-94.629,-120.536,120
-92.629,-120.528,120
-90.629,-120.519,120
-88.629,-120.51,120
-86.629,-120.5,120
-84.629,-120.488,120
-82.629,-120.476,120
-80.629,-120.463,120
-78.629,-120.449,120
-76.629,-120.433,120
-74.629,-120.417,120
-72.629,-120.399,120
-70.629,-120.379,120
-68.629,-120.359,120
-66.629,-120.336,120
-64.63,-120.312,120
-62.63,-120.287,120
-61.102,-119.764,120,270
-60.982,-117.768,120
-60.862,-115.772,120
-60.742,-113.775,120
-60.622,-111.779,120
-60.502,-109.782,120
-60.382,-107.786,120
-60.262,-105.79,120
-60.142,-103.793,120
-60.022,-101.797,120
-59.902,-99.8,120
-59.781,-97.804,120
-59.661,-95.808,120
-59.541,-93.811,120
-59.421,-91.815,120
-59.301,-89.818,120
-59.181,-87.822,120
-59.061,-85.826,120
-58.941,-83.829,120
-58.821,-81.833,120
-58.701,-79.836,120
-58.581,-77.84,120
-58.461,-75.844,120
-58.34,-73.847,120
-58.22,-71.851,120
-58.1,-69.854,120
-57.98,-67.858,120
-57.86,-65.862,120
-57.74,-63.865,120
-57.62,-61.869,120
-57.5,-59.873,120
-57.03,-58.043,120,0
-55.551,-56.696,120
-54.073,-55.349,120
-52.595,-54.003,120
-51.116,-52.656,120
-49.638,-51.309,120
-48.16,-49.962,120
-46.681,-48.615,120
-45.203,-47.268,120
-43.724,-45.921,120
-42.246,-44.574,120
-40.768,-43.227,120
-39.289,-41.88,120
-37.811,-40.533,120
-36.651,-39.234,120,45
-38.447,-38.356,120
-40.213,-37.417,120
-41.951,-36.428,120
-43.666,-35.398,120
-45.358,-34.332,120
-47.029,-33.233,120
-48.681,-32.105,120
-50.314,-30.951,120
-51.929,-29.771,120
-53.526,-28.568,120
-55.106,-27.341,120
-56.669,-26.094,120
-58.215,-24.825,120
-59.746,-23.538,120
-61.259,-22.23,120
-62.756,-20.904,120
-64.237,-19.56,120
-65.702,-18.198,120
-67.149,-16.818,120
-68.581,-15.422,120
-69.997,-14.009,120
-71.396,-12.58,120
-72.778,-11.134,120
-74.142,-9.672,120
-75.491,-8.195,120
-76.823,-6.703,120
-78.137,-5.196,120
-79.435,-3.674,120
-80.715,-2.137,120
-81.977,-0.585,120
-83.22,0.981,120
-84.446,2.561,120
-85.654,4.156,120
-86.843,5.763,120
-88.014,7.385,120
-89.166,9.02,120
-90.299,10.668,120
-91.413,12.329,120
-92.508,14.003,120
-93.583,15.689,120
-94.638,17.388,120
-95.673,19.099,120
-96.688,20.823,120
-97.682,22.558,120
-98.656,24.305,120
-99.609,26.063,120
-100.541,27.832,120
-101.452,29.613,120
-102.342,31.404,120
-103.21,33.206,120
-104.055,35.019,120
-104.878,36.842,120
-105.678,38.674,120
-106.456,40.517,120
-107.212,42.368,120
-107.946,44.229,120
-108.657,46.098,120
-109.345,47.976,120
-110.011,49.862,120
-110.654,51.756,120
-111.271,53.658,120
-111.864,55.568,120
-112.434,57.485,120
-112.981,59.409,120
-113.505,61.339,120
-114.006,63.275,120
-114.484,65.217,120
-114.934,67.166,120
-115.36,69.12,120
-115.763,71.079,120
-116.144,73.042,120
-116.502,75.01,120
-116.835,76.982,120
-117.14,78.959,120
-117.423,80.938,120
-117.683,82.921,120
-117.922,84.907,120
-118.135,86.896,120
-118.321,88.887,120
-118.486,90.88,120
-118.629,92.875,120
-118.75,94.871,120
-118.842,96.869,120
-118.913,98.868,120
-118.962,100.867,120
-118.991,102.867,120
-118.992,104.867,120
-118.971,106.867,120
-118.93,108.866,120
-118.87,110.865,120
-118.779,112.863,120
-118.671,114.86,120
-118.544,116.856,120,270
-118.392,118.851,120
-119.878,119.313,120
-121.878,119.295,120
-123.877,119.276,120
-125.877,119.258,120
-127.877,119.239,120
-129.877,119.221,120
-131.877,119.202,120
-133.877,119.184,120
-135.877,119.165,120
-137.877,119.147,120
-139.877,119.128,120
-141.877,119.11,120
-143.877,119.091,120
-145.876,119.073,120
-147.876,119.054,120
-149.876,119.035,120
-151.876,119.017,120
-153.876,118.998,120
-155.876,118.98,120
-157.876,118.961,120
-159.876,118.943,120
-161.876,118.924,120
-163.876,118.906,120
-165.876,118.887,120
-167.876,118.869,120
-169.875,118.824,120,270
-171.874,118.763,120
-173.873,118.697,120
-175.872,118.625,120
-177.87,118.543,120
-179.867,118.439,120
-180.37,118.212,120
-178.371,118.152,120
-176.371,118.123,120
-174.371,118.106,120
-172.371,118.096,120
-170.371,118.09,120
-168.371,118.088,120
-166.371,118.089,120
-164.371,118.091,120
-162.371,118.096,120
-160.371,118.102,120
-158.371,118.11,120
-156.371,118.119,120
-154.371,118.13,120
-152.372,118.141,120
-150.372,118.153,120
-148.372,118.166,120
-146.372,118.18,120
-144.372,118.195,120
-142.372,118.21,120
-140.372,118.227,120
-138.372,118.243,120
-136.372,118.261,120
-134.372,118.279,120
-132.372,118.298,120
-130.372,118.318,120
-128.372,118.338,120
-126.372,118.358,120
-124.373,118.379,120
-122.373,118.401,120
-120.373,118.424,120
-118.373,118.447,120
-116.373,118.47,120
-114.373,118.494,120
-112.373,118.519,120
-110.374,118.544,120
-108.374,118.569,120
-106.374,118.596,120
-104.374,118.623,120
-102.374,118.65,120
-100.374,118.678,120
-98.375,118.707,120
-96.375,118.736,120
-94.375,118.766,120
-92.375,118.797,120
-90.376,118.828,120
-88.376,118.861,120
-86.376,118.893,120
-84.376,118.927,120
-82.377,118.961,120
-80.377,118.997,120
-78.377,119.033,120
-76.378,119.07,120
-74.378,119.108,120
-72.378,119.148,120
-70.379,119.188,120
-68.379,119.23,120
-66.38,119.273,120
-63.924,119.327,120,270
-63.924,119.327,0,270
#PATH.JERRYIO-DATA {"appVersion":"0.10.0","format":"path.jerryio v0.1","gc":{"robotWidth":11.811023622047244,"robotHeight":11.811023622047244,"robotIsHolonomic":false,"showRobot":false,"uol":2.54,"pointDensity":0.7874015748031495,"controlMagnetDistance":1.968503937007874,"fieldImage":{"displayName":"V5RC 2026 - Push Back","signature":"V5RC-PushBack-H2H-TopDownHighlighted-TileColor66_71","origin":{"__type":"built-in"}},"coordinateSystem":"VEX Gaming Positioning System"},"paths":[{"segments":[],"pc":{"speedLimit":{"minLimit":{"value":0,"label":"0"},"maxLimit":{"value":600,"label":"600"},"step":1,"from":40,"to":120},"bentRateApplicableRange":{"minLimit":{"value":0,"label":"0"},"maxLimit":{"value":1,"label":"1"},"step":0.001,"from":0,"to":0.1}},"name":"Path","uid":"ruPDLqmgFd","lock":false,"visible":true},{"segments":[{"controls":[{"uid":"oUS8ixKQ1s","x":-50.07683999491405,"y":-6.870161843261064,"lock":false,"visible":true,"heading":90,"__type":"end-point"},{"uid":"POmZKqu9K7","x":-49.52735602963194,"y":-47.348813952376645,"lock":false,"visible":true,"heading":270,"__type":"end-point"}],"speedProfiles":[],"lookaheadKeyframes":[],"uid":"cs1AeVFXoM"},{"controls":[{"uid":"POmZKqu9K7","x":-49.52735602963194,"y":-47.348813952376645,"lock":false,"visible":true,"heading":270,"__type":"end-point"},{"uid":"FOmVWQO7tZ","x":-64.18026177048827,"y":-47.348813952376645,"lock":false,"visible":true,"heading":270,"__type":"end-point"}],"speedProfiles":[],"lookaheadKeyframes":[],"uid":"xIAVMMybC0"},{"controls":[{"uid":"FOmVWQO7tZ","x":-64.18026177048827,"y":-47.348813952376645,"lock":false,"visible":true,"heading":270,"__type":"end-point"},{"uid":"AlgOBdmRXf","x":-78.83316751134461,"y":-47.348813952376645,"lock":false,"visible":true,"__type":"control"},{"uid":"utvbwn0pAY","x":-43.39145175064835,"y":-47.6235559350177,"lock":false,"visible":true,"__type":"control"},{"uid":"a3LuDRAUO1","x":-24.06793230489407,"y":-47.348813952376645,"lock":false,"visible":true,"heading":270,"__type":"end-point"}],"speedProfiles":[],"lookaheadKeyframes":[],"uid":"mGNKKXhITo"},{"controls":[{"uid":"a3LuDRAUO1","x":-24.06793230489407,"y":-47.348813952376645,"lock":false,"visible":true,"heading":270,"__type":"end-point"},{"uid":"XT1cTjYyx4","x":-22.60264173080844,"y":-22.98835815820302,"lock":false,"visible":true,"heading":0,"__type":"end-point"}],"speedProfiles":[],"lookaheadKeyframes":[],"uid":"f3XuDpsLiy"},{"controls":[{"uid":"XT1cTjYyx4","x":-22.60264173080844,"y":-22.98835815820302,"lock":false,"visible":true,"heading":0,"__type":"end-point"},{"uid":"7YA58mvIQD","x":-14.360382251576768,"y":-15.47874396601415,"lock":false,"visible":true,"heading":45,"__type":"end-point"}],"speedProfiles":[],"lookaheadKeyframes":[],"uid":"qyfGAA12sZ"},{"controls":[{"uid":"7YA58mvIQD","x":-14.360382251576768,"y":-15.47874396601415,"lock":false,"visible":true,"heading":45,"__type":"end-point"},{"uid":"C0EWe2k3zt","x":-23.152125696090554,"y":-11.449194887278658,"lock":false,"visible":true,"__type":"control"},{"uid":"HrazeqLqeW","x":-49.71051735139264,"y":9.797518436963006,"lock":false,"visible":true,"__type":"control"},{"uid":"4MFhxKBDOD","x":-46.596774881460675,"y":46.979266754385925,"lock":false,"visible":true,"heading":270,"__type":"end-point"}],"speedProfiles":[],"lookaheadKeyframes":[],"uid":"tcR5pWbXpo"},{"controls":[{"uid":"4MFhxKBDOD","x":-46.596774881460675,"y":46.979266754385925,"lock":false,"visible":true,"heading":270,"__type":"end-point"},{"uid":"Afbfl2ZazC","x":-66.37819763161671,"y":46.796105432625225,"lock":false,"visible":true,"heading":270,"__type":"end-point"}],"speedProfiles":[],"lookaheadKeyframes":[],"uid":"BNEbo3Bmd6"},{"controls":[{"uid":"Afbfl2ZazC","x":-66.37819763161671,"y":46.796105432625225,"lock":false,"visible":true,"heading":270,"__type":"end-point"},{"uid":"hnWn4gNEMd","x":-85.24381377296923,"y":46.24662146734311,"lock":false,"visible":true,"__type":"control"},{"uid":"eEuXG4CWBX","x":-45.22306496825539,"y":46.521363449984165,"lock":false,"visible":true,"__type":"control"},{"uid":"NsHLit8jl1","x":-25.1669002354583,"y":46.979266754385925,"lock":false,"visible":true,"heading":270,"__type":"end-point"}],"speedProfiles":[],"lookaheadKeyframes":[],"uid":"8EFspthQRV"}],"pc":{"speedLimit":{"minLimit":{"value":0,"label":"0"},"maxLimit":{"value":600,"label":"600"},"step":1,"from":40,"to":120},"bentRateApplicableRange":{"minLimit":{"value":0,"label":"0"},"maxLimit":{"value":1,"label":"1"},"step":0.001,"from":0,"to":0.1}},"name":"Path","uid":"3GtgVHnfXA","lock":false,"visible":true}]}