#PATH-POINTS-START Path
#PATH-POINTS-START Path
-127.195,-17.45,80,90
-127.168,-19.45,80
-127.141,-21.45,80
-127.114,-23.45,80
-127.087,-25.449,80
-127.059,-27.449,80
-127.032,-29.449,80
-127.005,-31.449,80
-126.978,-33.449,80
-126.951,-35.449,80
-126.924,-37.448,80
-126.897,-39.448,80
-126.869,-41.448,80
-126.842,-43.448,80
-126.815,-45.448,80
-126.788,-47.447,80
-126.761,-49.447,80
-126.734,-51.447,80
-126.707,-53.447,80
-126.679,-55.447,80
-126.652,-57.447,80
-126.625,-59.446,80
-126.598,-61.446,80
-126.571,-63.446,80
-126.544,-65.446,80
-126.517,-67.446,80
-126.489,-69.445,80
-126.462,-71.445,80
-126.435,-73.445,80
-126.408,-75.445,80
-126.381,-77.445,80
-126.354,-79.444,80
-126.326,-81.444,80
-126.299,-83.444,80
-126.272,-85.444,80
-126.245,-87.444,80
-126.218,-89.444,80
-126.191,-91.443,80
-126.164,-93.443,80
-126.136,-95.443,80
-126.109,-97.443,80
-126.082,-99.443,80
-126.055,-101.442,80
-126.028,-103.442,80
-126.001,-105.442,80
-125.974,-107.442,80
-125.946,-109.442,80
-125.919,-111.442,80
-125.892,-113.441,80
-125.865,-115.441,80
-125.838,-117.441,80
-125.811,-119.441,80,270
-126.974,-120.266,80
-128.974,-120.266,80
-130.974,-120.266,80
-132.974,-120.266,80
-134.974,-120.266,80
-136.974,-120.266,80
-138.974,-120.266,80
-140.974,-120.266,80
-142.974,-120.266,80
-144.974,-120.266,80
-146.974,-120.266,80
-148.974,-120.266,80
-150.974,-120.266,80
-152.974,-120.266,80
-154.974,-120.266,80
-156.974,-120.266,80
-158.974,-120.266,80
-160.974,-120.266,80
-162.974,-120.266,80,270
-164.974,-120.267,80
-166.974,-120.269,80
-168.974,-120.275,80
-170.974,-120.289,80
-170.628,-120.35,80
-168.628,-120.378,80
-166.628,-120.399,80
-164.628,-120.416,80
-162.628,-120.432,80
-160.628,-120.446,80
-158.628,-120.459,80
-156.628,-120.471,80
-154.629,-120.482,80
-152.629,-120.493,80
-150.629,-120.502,80
-148.629,-120.511,80
-146.629,-120.519,80
-144.629,-120.527,80
-142.629,-120.534,80
-140.629,-120.54,80
-138.629,-120.546,80
-136.629,-120.552,80
-134.629,-120.557,80
-132.629,-120.561,80
-130.629,-120.565,80
-128.629,-120.568,80
-126.629,-120.571,80
-124.629,-120.573,80
-122.629,-120.574,80
-120.629,-120.576,80
-118.629,-120.576,80
-116.629,-120.576,80
-114.629,-120.575,80
-112.629,-120.574,80
-110.629,-120.573,80
-108.629,-120.57,80
-106.629,-120.567,80
-104.629,-120.564,80
-102.629,-120.56,80
-100.629,-120.555,80
-98.629,-120.549,80
-96.629,-120.543,80
-94.629,-120.536,80
-92.629,-120.528,80
-90.629,-120.519,80
-88.629,-120.51,80
-86.629,-120.5,80
-84.629,-120.488,80
-82.629,-120.476,80
-80.629,-120.463,80
-78.629,-120.449,80
-76.629,-120.433,80
-74.629,-120.417,80
-72.629,-120.399,80
-70.629,-120.379,80
-68.629,-120.359,80
-66.629,-120.336,80
-64.63,-120.312,80
-62.63,-120.287,80
-61.102,-119.764,80,270
-60.982,-117.768,80
-60.862,-115.772,80
-60.742,-113.775,80
-60.622,-111.779,80
-60.502,-109.782,80
-60.382,-107.786,80
-60.262,-105.79,80
-60.142,-103.793,80
-60.022,-101.797,80
-59.902,-99.8,80
-59.781,-97.804,80
-59.661,-95.808,80
-59.541,-93.811,80
-59.421,-91.815,80
-59.301,-89.818,80
-59.181,-87.822,80
-59.061,-85.826,80
-58.941,-83.829,80
-58.821,-81.833,80
-58.701,-79.836,80
-58.581,-77.84,80
-58.461,-75.844,80
-58.34,-73.847,80
-58.22,-71.851,80
-58.1,-69.854,80
-57.98,-67.858,80
-57.86,-65.862,80
-57.74,-63.865,80
-57.62,-61.869,80
-57.5,-59.873,80
-57.03,-58.043,80,0
-55.551,-56.696,80
-54.073,-55.349,80
-52.595,-54.003,80
-51.116,-52.656,80
-49.638,-51.309,80
-48.16,-49.962,80
-46.681,-48.615,80
-45.203,-47.268,80
-43.724,-45.921,80
-42.246,-44.574,80
-40.768,-43.227,80
-39.289,-41.88,80
-37.811,-40.533,80
-36.651,-39.234,80,45
-38.447,-38.356,80
-40.213,-37.417,80
-41.951,-36.428,80
-43.666,-35.398,80
-45.358,-34.332,80
-47.029,-33.233,80
-48.681,-32.105,80
-50.314,-30.951,80
-51.929,-29.771,80
-53.526,-28.568,80
-55.106,-27.341,80
-56.669,-26.094,80
-58.215,-24.825,80
-59.746,-23.538,80
-61.259,-22.23,80
-62.756,-20.904,80
-64.237,-19.56,80
-65.702,-18.198,80
-67.149,-16.818,80
-68.581,-15.422,80
-69.997,-14.009,80
-71.396,-12.58,80
-72.778,-11.134,80
-74.142,-9.672,80
-75.491,-8.195,80
-76.823,-6.703,80
-78.137,-5.196,80
-79.435,-3.674,80
-80.715,-2.137,80
-81.977,-0.585,80
-83.22,0.981,80
-84.446,2.561,80
-85.654,4.156,80
-86.843,5.763,80
-88.014,7.385,80
-89.166,9.02,80
-90.299,10.668,80
-91.413,12.329,80
-92.508,14.003,80
-93.583,15.689,80
-94.638,17.388,80
-95.673,19.099,80
-96.688,20.823,80
-97.682,22.558,80
-98.656,24.305,80
-99.609,26.063,80
-100.541,27.832,80
-101.452,29.613,80
-102.342,31.404,80
-103.21,33.206,80
-104.055,35.019,80
-104.878,36.842,80
-105.678,38.674,80
-106.456,40.517,80
-107.212,42.368,80
-107.946,44.229,80
-108.657,46.098,80
-109.345,47.976,80
-110.011,49.862,80
-110.654,51.756,80
-111.271,53.658,80
-111.864,55.568,80
-112.434,57.485,80
-112.981,59.409,80
-113.505,61.339,80
-114.006,63.275,80
-114.484,65.217,80
-114.934,67.166,80
-115.36,69.12,80
-115.763,71.079,80
-116.144,73.042,80
-116.502,75.01,80
-116.835,76.982,80
-117.14,78.959,80
-117.423,80.938,80
-117.683,82.921,80
-117.922,84.907,80
-118.135,86.896,80
-118.321,88.887,80
-118.486,90.88,80
-118.629,92.875,80
-118.75,94.871,80
-118.842,96.869,80
-118.913,98.868,80
-118.962,100.867,80
-118.991,102.867,80
-118.992,104.867,80
-118.971,106.867,80
-118.93,108.866,80
-118.87,110.865,80
-118.779,112.863,80
-118.671,114.86,80
-118.544,116.856,80,270
-118.392,118.851,80
-119.878,119.313,80
-121.878,119.295,80
-123.877,119.276,80
-125.877,119.258,80
-127.877,119.239,80
-129.877,119.221,80
-131.877,119.202,80
-133.877,119.184,80
-135.877,119.165,80
-137.877,119.147,80
-139.877,119.128,80
-141.877,119.11,80
-143.877,119.091,80
-145.876,119.073,80
-147.876,119.054,80
-149.876,119.035,80
-151.876,119.017,80
-153.876,118.998,80
-155.876,118.98,80
-157.876,118.961,80
-159.876,118.943,80
-161.876,118.924,80
-163.876,118.906,80
-165.876,118.887,80
-167.876,118.869,80
-169.875,118.824,80,270
-171.874,118.763,80
-173.873,118.697,80
-175.872,118.625,80
-177.87,118.543,80
-179.867,118.439,80
-180.37,118.212,80
-178.371,118.152,80
-176.371,118.123,80
-174.371,118.106,80
-172.371,118.096,80
-170.371,118.09,80
-168.371,118.088,80
-166.371,118.089,80
-164.371,118.091,80
-162.371,118.096,80
-160.371,118.102,80
-158.371,118.11,80
-156.371,118.119,80
-154.371,118.13,80
-152.372,118.141,80
-150.372,118.153,80
-148.372,118.166,80
-146.372,118.18,80
-144.372,118.195,80
-142.372,118.21,80
-140.372,118.227,80
-138.372,118.243,80
-136.372,118.261,80
-134.372,118.279,80
-132.372,118.298,80
-130.372,118.318,80
-128.372,118.338,80
-126.372,118.358,80
-124.373,118.379,80
-122.373,118.401,80
-120.373,118.424,80
-118.373,118.447,80
-116.373,118.47,80
-114.373,118.494,80
-112.373,118.519,80
-110.374,118.544,80
-108.374,118.569,80
-106.374,118.596,80
-104.374,118.623,80
-102.374,118.65,80
-100.374,118.678,80
-98.375,118.707,80
-96.375,118.736,80
-94.375,118.766,80
-92.375,118.797,80
-90.376,118.828,80
-88.376,118.861,80
-86.376,118.893,80
-84.376,118.927,80
-82.377,118.961,80
-80.377,118.997,80
-78.377,119.033,80
-76.378,119.07,80
-74.378,119.108,80
-72.378,119.148,80
-70.379,119.188,80
-68.379,119.23,80
-66.38,119.273,80
-63.924,119.327,80,270
-63.924,119.327,0,270
#PATH.JERRYIO-DATA {"appVersion":"0.10.0","format":"path.jerryio v0.1","gc":{"robotWidth":11.811023622047244,"robotHeight":11.811023622047244,"robotIsHolonomic":false,"showRobot":false,"uol":2.54,"pointDensity":0.7874015748031495,"controlMagnetDistance":1.968503937007874,"fieldImage":{"displayName":"V5RC 2026 - Push Back","signature":"V5RC-PushBack-H2H-TopDownHighlighted-TileColor66_71","origin":{"__type":"built-in"}},"coordinateSystem":"VEX Gaming Positioning System"},"paths":[{"segments":[],"pc":{"speedLimit":{"minLimit":{"value":0,"label":"0"},"maxLimit":{"value":600,"label":"600"},"step":1,"from":40,"to":120},"bentRateApplicableRange":{"minLimit":{"value":0,"label":"0"},"maxLimit":{"value":1,"label":"1"},"step":0.001,"from":0,"to":0.1}},"name":"Path","uid":"ruPDLqmgFd","lock":false,"visible":true},{"segments":[{"controls":[{"uid":"oUS8ixKQ1s","x":-50.07683999491405,"y":-6.870161843261064,"lock":false,"visible":true,"heading":90,"__type":"end-point"},{"uid":"POmZKqu9K7","x":-49.52735602963194,"y":-47.348813952376645,"lock":false,"visible":true,"heading":270,"__type":"end-point"}],"speedProfiles":[],"lookaheadKeyframes":[],"uid":"cs1AeVFXoM"},{"controls":[{"uid":"POmZKqu9K7","x":-49.52735602963194,"y":-47.348813952376645,"lock":false,"visible":true,"heading":270,"__type":"end-point"},{"uid":"FOmVWQO7tZ","x":-64.18026177048827,"y":-47.348813952376645,"lock":false,"visible":true,"heading":270,"__type":"end-point"}],"speedProfiles":[],"lookaheadKeyframes":[],"uid":"xIAVMMybC0"},{"controls":[{"uid":"FOmVWQO7tZ","x":-64.18026177048827,"y":-47.348813952376645,"lock":false,"visible":true,"heading":270,"__type":"end-point"},{"uid":"AlgOBdmRXf","x":-78.83316751134461,"y":-47.348813952376645,"lock":false,"visible":true,"__type":"control"},{"uid":"utvbwn0pAY","x":-43.39145175064835,"y":-47.6235559350177,"lock":false,"visible":true,"__type":"control"},{"uid":"a3LuDRAUO1","x":-24.06793230489407,"y":-47.348813952376645,"lock":false,"visible":true,"heading":270,"__type":"end-point"}],"speedProfiles":[],"lookaheadKeyframes":[],"uid":"mGNKKXhITo"},{"controls":[{"uid":"a3LuDRAUO1","x":-24.06793230489407,"y":-47.348813952376645,"lock":false,"visible":true,"heading":270,"__type":"end-point"},{"uid":"XT1cTjYyx4","x":-22.60264173080844,"y":-22.98835815820302,"lock":false,"visible":true,"heading":0,"__type":"end-point"}],"speedProfiles":[],"lookaheadKeyframes":[],"uid":"f3XuDpsLiy"},{"controls":[{"uid":"XT1cTjYyx4","x":-22.60264173080844,"y":-22.98835815820302,"lock":false,"visible":true,"heading":0,"__type":"end-point"},{"uid":"7YA58mvIQD","x":-14.360382251576768,"y":-15.47874396601415,"lock":false,"visible":true,"heading":45,"__type":"end-point"}],"speedProfiles":[],"lookaheadKeyframes":[],"uid":"qyfGAA12sZ"},{"controls":[{"uid":"7YA58mvIQD","x":-14.360382251576768,"y":-15.47874396601415,"lock":false,"visible":true,"heading":45,"__type":"end-point"},{"uid":"C0EWe2k3zt","x":-23.152125696090554,"y":-11.449194887278658,"lock":false,"visible":true,"__type":"control"},{"uid":"HrazeqLqeW","x":-49.71051735139264,"y":9.797518436963006,"lock":false,"visible":true,"__type":"control"},{"uid":"4MFhxKBDOD","x":-46.596774881460675,"y":46.979266754385925,"lock":false,"visible":true,"heading":270,"__type":"end-point"}],"speedProfiles":[],"lookaheadKeyframes":[],"uid":"tcR5pWbXpo"},{"controls":[{"uid":"4MFhxKBDOD","x":-46.596774881460675,"y":46.979266754385925,"lock":false,"visible":true,"heading":270,"__type":"end-point"},{"uid":"Afbfl2ZazC","x":-66.37819763161671,"y":46.796105432625225,"lock":false,"visible":true,"heading":270,"__type":"end-point"}],"speedProfiles":[],"lookaheadKeyframes":[],"uid":"BNEbo3Bmd6"},{"controls":[{"uid":"Afbfl2ZazC","x":-66.37819763161671,"y":46.796105432625225,"lock":false,"visible":true,"heading":270,"__type":"end-point"},{"uid":"hnWn4gNEMd","x":-85.24381377296923,"y":46.24662146734311,"lock":false,"visible":true,"__type":"control"},{"uid":"eEuXG4CWBX","x":-45.22306496825539,"y":46.521363449984165,"lock":false,"visible":true,"__type":"control"},{"uid":"NsHLit8jl1","x":-25.1669002354583,"y":46.979266754385925,"lock":false,"visible":true,"heading":270,"__type":"end-point"}],"speedProfiles":[],"lookaheadKeyframes":[],"uid":"8EFspthQRV"}],"pc":{"speedLimit":{"minLimit":{"value":0,"label":"0"},"maxLimit":{"value":600,"label":"600"},"step":1,"from":40,"to":80},"bentRateApplicableRange":{"minLimit":{"value":0,"label":"0"},"maxLimit":{"value":1,"label":"1"},"step":0.001,"from":0,"to":0.1}},"name":"Path","uid":"3GtgVHnfXA","lock":false,"visible":true}]}